9.280000000000000000e+02
1.088000000000000000e+03
9.066666666666666288e+02
1.000000000000000000e+03
9.983999999999999773e+02
9.280000000000000000e+02
9.554285714285714448e+02
9.680000000000000000e+02
1.009777777777777828e+03
1.027200000000000045e+03
1.047272727272727252e+03
1.080000000000000000e+03
1.075692307692307622e+03
1.088000000000000000e+03
1.047466666666666697e+03
1.060000000000000000e+03
1.059764705882352928e+03
1.054222222222222172e+03
1.082947368421052715e+03
1.073599999999999909e+03
1.072761904761904816e+03
1.069090909090909008e+03
1.069913043478260761e+03
1.069333333333333258e+03
1.066240000000000009e+03
1.090461538461538566e+03
1.080888888888888914e+03
1.075428571428571331e+03
1.084689655172413723e+03
1.066666666666666742e+03
1.064258064516129025e+03
1.047000000000000000e+03
1.048242424242424249e+03
1.056000000000000000e+03
1.056000000000000000e+03
1.065777777777777828e+03
1.065513513513513544e+03
1.053473684210526244e+03
1.055179487179487069e+03
1.044799999999999955e+03
1.030243902439024396e+03
1.027047619047619037e+03
1.024744186046511686e+03
1.023272727272727252e+03
1.020444444444444457e+03
1.022608695652173878e+03
1.017191489361702111e+03
1.019333333333333371e+03
1.023346938775510239e+03
1.024000000000000000e+03
1.022745098039215691e+03
1.030153846153846189e+03
1.033660377358490678e+03
1.035851851851851961e+03
1.046109090909090810e+03
1.047428571428571331e+03
1.049824561403508824e+03
1.040000000000000000e+03
1.041355932203389784e+03
1.038400000000000091e+03
1.033967213114754031e+03
1.040516129032258050e+03
1.038222222222222172e+03
1.038500000000000000e+03
1.043692307692307622e+03
1.039515151515151501e+03
1.043582089552238813e+03
1.045647058823529505e+03
1.044405797101449252e+03
1.046857142857142890e+03
1.045633802816901380e+03
1.050666666666666742e+03
1.055561643835616451e+03
1.054270270270270203e+03
1.048319999999999936e+03
1.048842105263157919e+03
1.047688311688311614e+03
1.048615384615384528e+03
1.047088607594936775e+03
1.048799999999999955e+03
1.046518518518518476e+03
1.046634146341463520e+03
1.048674698795180802e+03
1.046476190476190368e+03
1.051105882352941080e+03
1.053767441860465169e+03
1.052321839080459768e+03
1.055636363636363740e+03
1.057438202247190929e+03
1.053155555555555566e+03
1.054241758241758134e+03
1.053913043478260761e+03
1.053247311827956992e+03
1.053276595744680890e+03
1.049936842105263167e+03
1.055000000000000000e+03
1.050721649484536101e+03
1.053387755102040728e+03
1.054707070707070670e+03
1.056000000000000000e+03
1.057900990099009960e+03
1.060078431372548948e+03
1.062834951456310591e+03
1.064000000000000000e+03
1.064228571428571513e+03
1.063547169811320828e+03
1.068560747663551410e+03
1.064888888888888914e+03
1.064220183486238511e+03
1.062109090909090810e+03
1.064360360360360346e+03
1.061714285714285779e+03
1.059964601769911496e+03
1.059087719298245702e+03
1.057113043478260806e+03
1.055172413793103487e+03
1.052717948717948730e+03
1.053288135593220431e+03
1.051966386554621749e+03
1.053866666666666561e+03
1.057057851239669390e+03
1.056786885245901658e+03
1.053918699186991944e+03
1.055225806451612925e+03
1.055743999999999915e+03
1.054984126984126988e+03
1.057511811023622158e+03
1.058000000000000000e+03
1.060961240310077528e+03
1.061415384615384710e+03
1.062351145038167942e+03
1.064242424242424249e+03
1.063939849624060116e+03
1.064358208955223972e+03
1.065481481481481524e+03
1.061882352941176578e+03
1.062306569343065803e+03
1.059710144927536248e+03
1.060834532374100718e+03
1.061485714285714266e+03
1.060539007092198517e+03
1.059830985915492874e+03
1.060699300699300693e+03
1.057111111111111086e+03
1.056662068965517165e+03
1.053150684931506930e+03
1.054911564625850360e+03
1.058378378378378329e+03
1.058791946308724846e+03
1.060053333333333285e+03
1.060026490066225278e+03
1.063157894736842081e+03
1.063529411764705856e+03
1.063064935064935071e+03
1.059509677419354830e+03
1.060923076923076906e+03
1.060687898089171995e+03
1.060253164556962020e+03
1.060427672955974913e+03
1.059200000000000045e+03
1.059180124223602434e+03
1.060148148148148039e+03
1.061300613496932556e+03
1.061658536585365937e+03
1.062206060606060646e+03
1.063325301204819198e+03
1.064431137724550808e+03
1.064761904761904816e+03
1.061869822485207123e+03
1.061270588235294099e+03
1.060304093567251357e+03
1.060651162790697754e+03
1.062658959537572173e+03
1.064091954022988602e+03
1.064411428571428587e+03
1.062000000000000000e+03
1.058711864406779569e+03
1.058876404494382086e+03
1.056357541899441230e+03
1.057599999999999909e+03
1.054585635359115940e+03
1.055824175824175882e+03
1.054775956284152926e+03
1.054782608695652243e+03
1.055827027027027043e+03
1.055827956989247241e+03
1.056855614973261936e+03
1.057702127659574444e+03
1.059047619047619037e+03
1.056336842105263258e+03
1.054827225130890156e+03
1.052666666666666742e+03
1.054010362694300511e+03
1.054680412371134025e+03
1.056164102564102677e+03
1.055346938775510125e+03
1.053076142131979623e+03
1.051474747474747574e+03
1.050693467336683398e+03
1.051680000000000064e+03
1.054726368159203957e+03
1.056158415841584201e+03
1.053793103448275815e+03
1.050980392156862763e+03
1.048507317073170725e+03
1.047766990291262118e+03
1.048115942028985501e+03
1.049076923076923094e+03
1.049569377990430667e+03
1.049752380952380918e+03
1.049327014218009481e+03
1.049962264150943383e+03
1.050441314553990651e+03
1.049420560747663558e+03
1.049302325581395280e+03
1.049481481481481524e+03
1.049511520737327146e+03
1.049688073394495405e+03
1.049716894977168977e+03
1.050763636363636351e+03
1.050497737556561106e+03
1.051963963963964034e+03
1.054565022421524645e+03
1.054142857142857110e+03
1.051733333333333348e+03
1.052743362831858349e+03
1.054167400881057347e+03
1.053052631578947285e+03
1.050969432314410369e+03
1.049460869565217308e+03
1.049212121212121247e+03
1.048965517241379303e+03
1.049682403433476338e+03
1.050940170940170901e+03
1.049736170212765956e+03
1.049491525423728717e+03
1.048303797468354333e+03
1.048336134453781597e+03
1.048502092050209285e+03
1.046400000000000091e+03
1.046572614107883737e+03
1.047801652892562061e+03
1.049283950617284063e+03
1.049311475409836021e+03
1.048685714285714312e+03
1.049626016260162714e+03
1.051336032388664080e+03
1.051741935483870975e+03
1.052401606425702767e+03
1.051519999999999982e+03
1.051665338645418387e+03
1.049777777777777828e+03
1.049549407114624501e+03
1.049448818897637693e+03
1.048596078431372462e+03
1.047625000000000000e+03
1.047533073929961120e+03
1.047689922480620226e+03
1.048463320463320542e+03
1.049846153846153811e+03
1.051340996168582478e+03
1.051114503816793786e+03
1.050768060836501945e+03
1.049818181818181756e+03
1.049237735849056662e+03
1.047819548872180349e+03
1.049048689138576719e+03
1.047761194029850685e+03
1.050052044609665472e+03
1.050785185185185128e+03
1.051512915129151224e+03
1.052117647058823422e+03
1.050139194139194160e+03
1.050510948905109444e+03
1.051229090909090928e+03
1.051246376811594246e+03
1.049415162454873553e+03
1.050129496402877749e+03
1.050150537634408693e+03
1.047885714285714357e+03
1.047914590747330976e+03
1.047489361702127553e+03
1.046954063604240218e+03
1.046535211267605746e+03
1.046456140350877149e+03
1.047160839160839259e+03
1.046857142857142890e+03
1.047666666666666742e+03
1.045702422145328683e+03
1.045737931034482699e+03
1.046872852233676895e+03
1.048000000000000000e+03
1.048027303754266313e+03
1.048598639455782404e+03
1.049057627118644177e+03
1.048864864864864785e+03
1.050181818181818244e+03
1.051167785234899384e+03
1.052147157190635426e+03
1.052480000000000018e+03
1.052279069767441797e+03
1.052609271523178904e+03
1.051036303630363136e+03
1.051263157894736878e+03
1.051068852459016398e+03
1.052549019607843093e+03
1.052456026058632006e+03
1.052051948051948102e+03
1.052271844660194120e+03
1.051974193548387120e+03
1.051575562700964610e+03
1.053230769230769283e+03
1.054057507987220561e+03
1.054878980891719721e+03
1.052749206349206361e+03
1.053569620253164658e+03
1.053577287066246072e+03
1.053283018867924511e+03
1.054495297805642622e+03
1.055599999999999909e+03
1.054803738317757052e+03
1.054409937888198783e+03
1.054513931888544903e+03
1.054320987654321016e+03
1.054424615384615436e+03
1.053938650306748514e+03
1.053944954128440259e+03
1.053853658536585272e+03
1.053860182370820667e+03
1.052412121212121292e+03
1.050779456193353553e+03
1.050891566265060192e+03
1.049177177177177100e+03
1.049580838323353191e+03
1.049791044776119406e+03
1.049619047619047706e+03
1.049732937685460001e+03
1.049372781065088702e+03
1.051280235988200502e+03
1.051764705882352928e+03
1.051495601173020532e+03
1.051508771929824661e+03
1.050122448979591809e+03
1.050697674418604720e+03
1.051362318840579746e+03
1.049988439306358487e+03
1.050097982708933614e+03
1.050942528735632095e+03
1.049581661891117392e+03
1.049417142857142835e+03
1.048433048433048498e+03
1.048818181818181756e+03
1.050288951841359676e+03
1.051661016949152554e+03
1.050501408450704275e+03
1.051056179775280953e+03
1.051607843137254804e+03
1.050011173184357631e+03
1.049671309192200624e+03
1.050400000000000091e+03
1.050947368421052715e+03
1.051138121546961429e+03
1.051327823691460026e+03
1.050901098901098976e+03
1.051353424657534333e+03
1.051453551912568400e+03
1.052163487738419690e+03
1.052869565217391255e+03
1.052791327913279019e+03
1.052886486486486547e+03
1.051687331536388228e+03
1.051956989247311867e+03
1.052654155495978557e+03
1.053689839572192568e+03
1.054208000000000084e+03
1.054553191489361780e+03
1.053962864721485403e+03
1.052444444444444343e+03
1.051187335092348349e+03
1.051031578947368416e+03
1.051800524934383247e+03
1.051979057591623132e+03
1.051822454308093938e+03
1.050833333333333258e+03
1.051594805194805303e+03
1.050196891191709938e+03
1.050211886304909513e+03
1.050144329896907266e+03
1.048925449871465389e+03
1.048615384615384528e+03
1.049698209718670114e+03
1.050448979591836633e+03
1.050381679389312922e+03
1.049096446700507613e+03
1.049113924050632932e+03
1.049858585858585911e+03
1.050357682619647449e+03
1.050371859296482398e+03
1.050225563909774337e+03
1.050160000000000082e+03
1.050972568578553592e+03
1.051303482587064764e+03
1.052744416873449154e+03
1.053386138613861476e+03
1.053708641975308637e+03
1.054423645320197011e+03
1.055371007371007408e+03
1.055294117647058783e+03
1.055765281173594076e+03
1.054751219512195121e+03
1.054442822384428155e+03
1.053669902912621410e+03
1.054527845036319604e+03
1.054685990338164174e+03
1.054380722891566165e+03
1.054000000000000000e+03
1.052776978417266264e+03
1.052631578947368325e+03
1.053097852028639636e+03
1.051885714285714357e+03
1.051667458432304102e+03
1.052132701421800903e+03
1.051914893617021335e+03
1.051849056603773533e+03
1.052385882352941280e+03
1.052920187793427203e+03
1.052477751756440284e+03
1.051214953271027980e+03
1.051449883449883373e+03
1.051683720930232539e+03
1.050580046403712231e+03
1.051555555555555657e+03
1.051344110854503469e+03
1.051723502304147360e+03
1.051512643678160885e+03
1.051522935779816407e+03
1.051826086956521749e+03
1.053004566210045596e+03
1.052501138952163956e+03
1.052290909090909054e+03
1.053750566893424093e+03
1.053972850678733039e+03
1.054121896162528174e+03
1.053909909909909857e+03
1.054489887640449524e+03
1.055067264573990997e+03
1.055713646532438588e+03
1.056142857142857110e+03
1.056285077951002222e+03
1.057137777777777728e+03
1.057277161862527691e+03
1.057132743362831889e+03
1.057200883002207547e+03
1.057973568281938242e+03
1.057969230769230762e+03
1.057052631578947285e+03
1.056910284463894868e+03
1.056978165938864549e+03
1.057394335511982490e+03
1.057182608695652107e+03
1.056902386117136757e+03
1.056761904761904816e+03
1.057036717062635034e+03
1.057448275862069067e+03
1.058408602150537718e+03
1.058334763948497766e+03
1.058877944325481849e+03
1.059008547008547112e+03
1.059002132196161938e+03
1.059336170212765865e+03
1.059804670912951224e+03
1.059389830508474688e+03
1.059788583509513728e+03
1.058565400843881889e+03
1.059301052631578841e+03
1.059899159663865476e+03
1.058951781970649790e+03
1.058878661087866021e+03
1.058739039665970722e+03
1.059066666666666606e+03
1.058062370062370064e+03
1.057991701244813385e+03
1.057788819875776426e+03
1.057388429752066031e+03
1.057187628865979377e+03
1.057251028806584372e+03
1.057839835728952721e+03
1.058032786885245969e+03
1.057897750511247523e+03
1.056718367346938749e+03
1.056847250509164951e+03
1.056845528455284466e+03
1.056713995943204964e+03
1.057813765182186216e+03
1.057616161616161662e+03
1.058387096774193651e+03
1.058253521126760461e+03
1.057734939759036251e+03
1.057923847695390805e+03
1.057471999999999980e+03
1.058107784431137816e+03
1.058804780876494078e+03
1.058926441351888570e+03
1.059682539682539755e+03
1.058471287128712902e+03
1.058719367588932755e+03
1.057704142011834392e+03
1.057700787401574871e+03
1.057697445972495188e+03
1.057756862745098033e+03
1.057377690802348297e+03
1.056875000000000000e+03
1.056873294346978582e+03
1.057369649805447580e+03
1.057615533980582541e+03
1.057240310077519325e+03
1.057794970986460385e+03
1.058038610038609932e+03
1.058527938342967218e+03
1.058153846153846189e+03
1.058026871401151539e+03
1.057655172413793025e+03
1.057652007648183599e+03
1.057099236641221296e+03
1.057645714285714348e+03
1.058007604562737697e+03
1.058185958254269508e+03
1.059575757575757507e+03
1.059931947069943362e+03
1.059079245283018963e+03
1.058952919020715626e+03
1.058706766917293180e+03
1.058581613508442842e+03
1.058876404494382086e+03
1.058930841121495405e+03
1.059402985074626940e+03
1.059277467411545558e+03
1.058498141263940624e+03
1.058612244897959272e+03
1.059318518518518431e+03
1.059903881700554621e+03
1.059837638376383666e+03
1.059476979742173171e+03
1.059411764705882433e+03
1.059640366972477068e+03
1.059926739926739856e+03
1.060212065813528397e+03
1.060087591240876009e+03
1.059963570127504454e+03
1.060887272727272830e+03
1.060704174228675129e+03
1.060347826086956502e+03
1.060745027124773969e+03
1.061371841155234733e+03
1.061592792792792807e+03
1.061467625899280620e+03
1.061974865350089658e+03
1.061906810035842227e+03
1.061781753130590232e+03
1.062342857142857156e+03
1.062103386809269068e+03
1.062434163701067519e+03
1.062479573712255842e+03
1.062638297872340445e+03
1.062569911504424681e+03
1.062501766784452229e+03
1.062208112874779545e+03
1.062197183098591495e+03
1.062186291739894614e+03
1.062175438596491176e+03
1.062612959719789842e+03
1.062545454545454504e+03
1.062869109947643892e+03
1.063024390243902417e+03
1.063234782608695696e+03
1.063055555555555657e+03
1.063376083188908069e+03
1.063474048442906678e+03
1.063792746113989551e+03
1.063613793103448188e+03
1.063710843373494072e+03
1.064137457044673511e+03
1.064013722126929679e+03
1.064493150684931607e+03
1.063658119658119631e+03
1.063153583617747472e+03
1.063413969335604861e+03
1.063836734693877588e+03
1.064203735144312304e+03
1.063864406779661067e+03
1.064500846023688609e+03
1.064810810810810835e+03
1.065227655986509262e+03
1.065104377104377136e+03
1.064981512605042099e+03
1.065073825503355692e+03
1.065165829145728594e+03
1.065311036789297759e+03
1.065135225375626078e+03
1.065173333333333403e+03
1.065158069883527560e+03
1.065302325581395280e+03
1.066029850746268721e+03
1.066225165562913844e+03
1.066261157024793420e+03
1.066033003300329938e+03
1.066438220757825320e+03
1.066473684210526244e+03
1.066929392446633756e+03
1.066963934426229571e+03
1.067155482815057212e+03
1.067712418300653553e+03
1.068267536704730901e+03
1.067934853420195395e+03
1.067343089430894224e+03
1.066857142857142890e+03
1.066580226904376104e+03
1.066718446601941650e+03
1.067063004846526610e+03
1.066941935483871021e+03
1.067336553945249534e+03
1.067266881028938997e+03
1.067300160513643732e+03
1.067128205128205082e+03
1.066956799999999930e+03
1.067450479233226815e+03
1.067432216905901214e+03
1.067363057324840838e+03
1.067395866454689894e+03
1.067784126984126942e+03
1.067613312202852512e+03
1.068202531645569707e+03
1.068486571879936719e+03
1.068820189274448012e+03
1.068900787401574917e+03
1.068830188679245339e+03
1.068659340659340614e+03
1.069090909090909008e+03
1.069270735524256679e+03
1.069200000000000045e+03
1.068480499219968806e+03
1.068859813084112147e+03
1.069088646967340537e+03
1.069316770186335361e+03
1.069494573643410831e+03
1.069523219814241429e+03
1.069403400309118979e+03
1.068691358024691453e+03
1.069263482280431390e+03
1.068799999999999955e+03
1.068632872503840190e+03
1.068515337423312985e+03
1.067663093415007552e+03
1.067840978593272212e+03
1.068458015267175597e+03
1.069414634146341541e+03
1.070027397260274029e+03
1.070297872340425556e+03
1.070616084977238188e+03
1.070884848484848590e+03
1.070910741301059034e+03
1.070694864048338331e+03
1.070527903469080002e+03
1.069734939759036251e+03
1.070291729323308346e+03
1.070846846846846802e+03
1.070392803598200999e+03
1.069796407185628823e+03
1.069536621823617452e+03
1.069182089552238722e+03
1.069114754098360663e+03
1.069666666666666742e+03
1.068933135215453149e+03
1.069246290801186888e+03
1.069226666666666688e+03
1.068497041420118421e+03
1.068620384047267407e+03
1.069073746312684307e+03
1.069195876288659747e+03
1.068658823529411848e+03
1.068687224669603438e+03
1.068809384164222820e+03
1.068087847730600288e+03
1.067836257309941630e+03
1.068239416058394227e+03
1.068361516034985470e+03
1.068343522561863210e+03
1.068186046511627865e+03
1.068168359941944800e+03
1.067872463768115949e+03
1.068179450072358804e+03
1.068624277456647405e+03
1.068698412698412767e+03
1.068726224783861653e+03
1.068799999999999955e+03
1.068000000000000000e+03
1.067385939741750462e+03
1.067369627507163386e+03
1.067444921316165846e+03
1.067245714285714257e+03
1.066636233951497843e+03
1.067259259259259352e+03
1.066879089615931662e+03
1.066818181818181756e+03
1.067211347517730474e+03
1.066968838526912123e+03
1.066772277227722725e+03
1.066757062146892622e+03
1.066741889985895568e+03
1.066997183098591449e+03
1.066891701828410760e+03
1.067325842696629252e+03
1.067175315568022370e+03
1.067518207282913181e+03
1.067949650349650256e+03
1.068469273743016856e+03
1.068005578800557942e+03
1.068256267409470865e+03
1.068461752433935999e+03
1.068977777777777874e+03
1.069403606102635194e+03
1.069739612188365754e+03
1.069764868603042942e+03
1.069790055248618728e+03
1.069726896551724167e+03
1.068958677685950306e+03
1.068588720770288774e+03
1.068659340659340614e+03
1.068729766803840903e+03
1.068843835616438355e+03
1.068738714090287203e+03
1.069289617486338784e+03
1.069708049113233301e+03
1.069602179836512278e+03
1.069409523809523762e+03
1.068695652173913004e+03
1.069156037991858966e+03
1.068964769647696585e+03
1.069380243572395102e+03
1.069448648648648714e+03
1.069214574898785486e+03
1.069067385444743877e+03
1.069652759084791342e+03
1.069505376344086017e+03
1.070260402684563815e+03
1.069726541554959795e+03
1.069365461847389497e+03
1.069390374331550902e+03
1.069329773030707656e+03
1.068586666666666588e+03
1.068697736351531375e+03
1.069404255319148888e+03
1.069556440903054408e+03
1.069623342175066227e+03
1.068884768211920573e+03
1.068148148148148039e+03
1.067793923381770128e+03
1.067440633245382514e+03
1.067299077733860258e+03
1.067073684210526380e+03
1.066806833114323354e+03
1.066960629921259851e+03
1.067197903014416852e+03
1.067560209424083723e+03
1.068005228758170006e+03
1.067822454308093938e+03
1.068432855280312879e+03
1.067708333333333258e+03
1.067110533159948091e+03
1.067054545454545405e+03
1.067289234760051841e+03
1.066901554404145145e+03
1.066225097024579554e+03
1.066129198966408239e+03
1.065868387096774086e+03
1.065608247422680506e+03
1.065637065637065689e+03
1.065048843187660623e+03
1.065324775353016776e+03
1.065271794871794782e+03
1.065669654289372602e+03
1.065820971867007756e+03
1.066176245210727984e+03
1.065428571428571331e+03
1.065538853503184782e+03
1.065770992366412202e+03
1.065880559085133427e+03
1.066761421319796909e+03
1.066544993662864272e+03
1.066612658227848215e+03
1.066073324905183199e+03
1.066141414141414089e+03
1.066290037831021436e+03
1.066559193954660032e+03
1.066747169811320646e+03
1.066492462311557802e+03
1.066920953575909607e+03
1.066626566416040077e+03
1.066132665832290286e+03
1.066319999999999936e+03
1.066586766541822726e+03
1.066812967581047360e+03
1.066958904109588957e+03
1.067223880597014841e+03
1.067567701863353932e+03
1.067751861042183691e+03
1.068173482032218089e+03
1.068712871287128792e+03
1.068855377008652567e+03
1.068128395061728497e+03
1.068705302096177547e+03
1.068610837438423687e+03
1.069028290282902844e+03
1.069169533169533224e+03
1.069035582822085871e+03
1.069019607843137237e+03
1.069121175030599716e+03
1.069496332518337340e+03
1.068854700854700923e+03
1.069073170731707251e+03
1.069330085261875865e+03
1.069430656934306626e+03
1.069453219927095915e+03
1.069825242718446589e+03
1.069226666666666688e+03
1.069133171912832950e+03
1.068575574365175271e+03
1.068637681159420254e+03
1.068854041013268898e+03
1.068992771084337392e+03
1.069092659446450170e+03
1.068461538461538566e+03
1.068408163265306030e+03
1.068316546762589951e+03
1.068071856287425135e+03
1.067406698564593398e+03
1.066819593787335634e+03
1.066959427207637191e+03
1.067022646007151479e+03
1.067352380952381054e+03
1.066920332936979776e+03
1.067173396674584410e+03
1.066780545670225365e+03
1.066729857819905192e+03
1.066982248520710073e+03
1.067574468085106446e+03
1.067598583234946773e+03
1.067622641509434061e+03
1.067081272084805732e+03
1.067331764705882279e+03
1.066792009400704956e+03
1.066854460093896705e+03
1.066579132473622622e+03
1.066192037470726063e+03
1.066479532163742761e+03
1.066616822429906506e+03
1.066716452742123693e+03
1.066592074592074596e+03
1.066840512223515816e+03
1.066567441860465124e+03
1.066815331010453065e+03
1.066728538283062562e+03
1.066604866743916546e+03
1.066814814814814781e+03
1.067690173410404668e+03
1.067639722863741326e+03
1.067884659746251373e+03
1.067944700460829381e+03
1.068004602991944694e+03
1.068248275862069022e+03
1.068123995407577468e+03
1.068550458715596278e+03
1.068719358533791592e+03
1.068485125858123638e+03
1.068324571428571517e+03
1.068566210045662046e+03
1.069318129988597548e+03
1.069922551252847370e+03
1.070343572241183210e+03
1.070654545454545541e+03
1.070383654937571009e+03
1.070367346938775427e+03
1.070242355605889088e+03
1.070045248868778344e+03
1.070137853107344654e+03
1.069977426636568907e+03
1.069889515219842224e+03
1.069981981981982017e+03
1.070290213723284523e+03
1.069734831460674059e+03
1.069791245791245728e+03
1.069668161434977492e+03
1.069939529675252061e+03
1.069888143176733820e+03
1.069979888268156401e+03
1.070428571428571331e+03
1.070733556298773692e+03
1.070895322939866446e+03
1.070878754171301352e+03
1.071359999999999900e+03
1.070952275249722561e+03
1.070971175166297144e+03
1.070812846068660065e+03
1.071185840707964644e+03
1.071699447513812174e+03
1.071964679911699704e+03
1.071982359426681342e+03
1.071436123348017645e+03
1.071207920792079221e+03
1.071015384615384619e+03
1.070928649835345823e+03
1.070771929824561312e+03
1.071141292442497161e+03
1.071124726477024069e+03
1.071213114754098342e+03
1.071196506550218373e+03
1.071249727371864765e+03
1.070989106753812621e+03
1.070346028291621224e+03
1.070295652173913140e+03
1.069619978284473291e+03
1.069848156182212506e+03
1.069937161430119204e+03
1.070476190476190368e+03
1.070841081081081029e+03
1.071032397408207316e+03
1.071430420711974193e+03
1.071482758620689765e+03
1.071397201291711553e+03
1.070692473118279622e+03
1.070642320085929214e+03
1.070386266094420535e+03
1.070782422293676291e+03
1.070972162740899421e+03
1.071264171122994640e+03
1.071316239316239262e+03
1.071538954108857979e+03
1.071829424307036334e+03
1.072153354632587934e+03
1.072442553191489424e+03
1.072629117959617361e+03
1.072441613588110386e+03
1.072458112407211047e+03
1.072474576271186379e+03
1.072389417989418007e+03
1.072642706131078285e+03
1.072321013727560739e+03
1.072472573839662346e+03
1.071881981032665863e+03
1.071359999999999900e+03
1.071276550998948551e+03
1.071495798319327832e+03
1.071580272822665165e+03
1.071329140461215957e+03
1.071045026178010403e+03
1.071196652719665281e+03
1.070779519331243364e+03
1.071098121085595039e+03
1.071082377476538113e+03
1.070766666666666652e+03
1.070584807492195523e+03
1.070702702702702709e+03
1.070355140186915833e+03
1.069809128630705345e+03
1.069231088082901579e+03
1.069449275362318758e+03
1.069302998965873940e+03
1.068793388429751985e+03
1.068582043343653140e+03
1.068635051546391651e+03
1.068589083419155486e+03
1.068609053497942341e+03
1.068892086330935172e+03
1.069174537987679741e+03
1.069292307692307759e+03
1.069606557377049285e+03
1.069592630501535268e+03
1.069153374233128943e+03
1.069041879468845764e+03
1.068604081632653106e+03
1.068689092762487235e+03
1.069002036659877831e+03
1.069119023397762021e+03
1.069203252032520368e+03
1.068605076142132020e+03
1.069046653144016318e+03
1.069033434650456002e+03
1.068955465587044500e+03
1.068424671385237616e+03
1.068541414141414180e+03
1.068787083753784145e+03
1.069161290322580726e+03
1.069180261832829729e+03
1.069327967806841116e+03
1.069025125628140813e+03
1.069397590361445737e+03
1.069640922768305018e+03
1.070140280561122154e+03
1.070638638638638668e+03
1.070592000000000098e+03
